$ANSIBLE_VAULT;1.1;AES256
66333162316131393536316436643037396663373737326362643665656164616662346537336262
6561653964653363356336316231633464663935333963320a633232396461346162646663626666
32326664353461663537633037363134366632383838353232383837303237376535306439623630
6530613434383963620a663439343937363232633230326563333334633230666530613034663031
32306533333232393835633965333432613561656466393434663334646637626633326464383161
30393937336532633839623936336435633136366431613265653639663739303330316466353865
36373339623033656663613534616535353963363032303266623165366238663036613964646663
63626439316338343964316464363830363333346338643836616364306166383138333630636330
61346331353137633032393365383266613633626137323839353934323633393866623633653533
66633530313133616566316466366636356431646163643437393238643134646433633565333237
32386338646530303636316265363437626539353861336139356232356664356263353439663063
36386564323366613263346134636137653362303964653034373339373261346535633737663139
64333635376239386331636132386637316461626436633835363735663239303165636234383235
63313264646464316165663562306633663131663132303133313234373962616133376235333831
37643564393363323631643462376334366162366265353561666534333735303863313463326666
38333464323063333566663331383834303764333965383730636164313962383836303666343962
32366439373635396461653333316564663765313730313037316465373661666237376633656465
65623436316364313961336331653431336432663138396138626261663763613833626336623761
38336562343434376533373138373335393062346330643237366530393430303334393339313634
33383230633366333262646465393933646262323230333231353733363166356330633361353839
32363361393833633363323064303733346565646564636561366233646530613538626565343766
32383763656232353034336234336165373961313237623134386665633633313962393365623532
30613764353764636330373838363835646465653866316333656633343433343362633664376432
33656230376562333038643230363830613736386231366433356164663539363636656164313361
61626337643961376231653131363335303132343837633364643930303435393661646133333634
61313937636365366539323633363563306132313237383163613037653835386538393136326163
34633862373136376166376434323631356462393561633436636532313361353135316135643764
30336662613239313065646633393532336638633563316164373035633634643031613462343662
62383031613333626437626364353538303937666134393737326330383465323336333963393932
61396564633463323832656466303836646635633531356538643735643038323137626636346633
34663630353364316337636666376332616334613538356637323338313431623435636166633732
61393865656436336535613365383535323636633538313961653165663233393932363462373133
64303666326565393461363163346361353562623532653831646639373861313464303436633336
66383761636261306364633639623562366661353235626562376661633931663437303930376335
36643363313561616265323334623365623465313131623365346232666236326361656264343435
63396335366637373862636133376134396230316530366536323337333934656637333766386536
32316430363530656361343765646235633566353865646535373666376363346633363137613836
37323636356436333264616133646361313930643135393464333439353335356564376165303162
32326635633132633139343364633765643635613461393739363862323435356434653634383332
66326466393139343735613863386632326332613634623862363831343930656635643833333662
31363539396161663962376362643138663231646331343066643333346639383736306663646634
34653666623932636136366130373163353562323233623733313436306235343165356234316162
31616431646637653866366530336131313632363737373939626639353536663563313937626439
35633538323562396433346335333663383865326332663838363765306638636137343738343434
30313338313639616338656564626463343736636530393937303238623236373133623936393966
38393830363435363535323834386261666436646331396534316637383230626639633632643538
61303237376539663038623837366538323831316266613038313330333739366137343835353033
38636461643162373632646633383462396432636134376165383033653631623939363035383835
63646461333763336562366466626330646138633031623761316565666163623563656436616562
66353765336136313361333939663261333839643337353230363036626534396263386139666537
36323837613538323735363834353063386566363038613863343935663731653236313434616439
38313030663964343832303638653163303331376266656134633336336631643638643964306462
34313138353962666236623339663837353165363138663739363433666165353764323634326332
37613065323232366535353863333564303663316361346565343862336133346637623835383563
36336164343636656265343734396536633332633265633232316466303565313435313630653663
62366631326664376330663161343130363638373233396639626632386530303362313861656137
66353837633335356437323461386231326635303463313737366439353032663563386139623335
63383062656137346132316162333233323266386630666538626139346131393733666631313166
36663038303235633865376330633434363638643833663066303132613632626637386463613861
33616662356465346238303863353638386532383065323535376334623233323733613839373265
62366333636133303662663263346334383131643133313135616337336566333930303064626639
37303761313132633530376136376234383562373137336463393065353865306462306536393135
61323133613533666133316565313534613431636366663531336636323238333338393638306433
64633966643966396137616338646266393834616432613831393664383937633162346539333932
38313532623634386661643562353161643863626139616531376230353865636336376331643337
37316438393061363634323161633938623530353938616631653939326664396162663432613539
39643563666233373164323534613463613431373863323764303032393762336362303666613431
65613363626634323663316634346539376666656264666636346162383134363337623134373039
66656533633566343936356566626161386330646564303632633865663466336635346336626537
34636639306331386633653538663735396161633839333065353334323035643638393033303733
31353831653536656538306661303532396439383531303533333538626137333835353531356166
66353033383134353833666430386634323231383137363361636632373931396332663637316331
61626565373762646336643732626139353335343832623034666133663630346333353335663430
65333262393337303937316662613962393133386531376562643961653465636237626436666461
30333962396561623266356335306230303333363138363666656139316637343732366234383939
36353830333334656235396432663530313637383666316235326161616334663931633463306635
36373364333732656138616331653561383630346166646437303863633266343862363231623731
33633936346632306330336532303863623936396436306265383265623238363432396566396234
31323636646362623661616234666263383166376265616464336230336164656135376534356362
33336338343835326139386462633337643638333632373033326539333561376435663433333139
38343736613565656663633161363635656330646362396163646130613139303066633436626330
32646237636166363234376663633333323465623262366366336162396134633839623835373032
66623761663263613338626661343831363962613839356630373030373562613936646365353630
33383930393034643166343938316135363332383838646563356363356334336534613038646230
65616437623639373839313630323638323534353633663663663730666532373935336633396130
34313732303438613432666438383966393532326663396535393265386338616339613862353134
39383232623831643765303934333939663534373861393739353466373961313862616163336531
36653331613464633630666435353635343665353864353034616661643934306135363966623263
30363662613331373936393836366166646237633834636365346230303162313161653530393534
32356236393366376430643634326233336664376462373066393966633235393335643162316362
30616465633437396665303939326233613966666134346362386237353639663336396639616631
37373635636165336566346466663530623066353138646463356166663731373865646262396336
37373865626336616635613436643435383937303830323331643666366164646562643030343362
37323730653861373435613832363532613933646435383630373037396239373037346637333330
36336430643735353836613966623366343165653031653266356561383662623636383866323437
32616637613032353837333263623739383336393265333839373737666565323136636137376335
37636665333138383061643264366333636333636262643939343432616635363331313761396233
37326261636636353132386435663465323730313034626139306139366661366136313439353735
37663161663365666636616435386463623439616639313931343533663266616366643431613261
36363033346339366566373733653566623239666261356139363838306633383061323639336335
31353535616532396338636335326637626336333033353633623466653831363630656339386138
37666435303466366138633164336233386463373865653531343264393964396561313231306461
34333239663766323231643836633263613133356364653661376631656661636530656336633434
34383363316639373934613965376335653437373334396530636662656534316664383066636435
37303534313266633130383066353430626134643433356261663538316331383632303665643731
38323437383065376635656336376232386132343235623632633935346633623233303038396630
34323239623162633066306562643930393534636566343266316561396438623034643366346231
38653463316665373334316566373562316165306561363039656630303738643064393734376333
32316438613034333562336461313765306365613561396436636237336638383733633135643430
30653337636633356430663336623230623537643966373339653739616463643832323337326164
35666334366265646564366536326363653939646135306439383962336336386465393766343166
34396530343431303962636664633833653466363634383562383834326237633166396536636333
32363865646363343531316331363466316164366437333935333933623066616533656330386366
63663366653939303864633230643239623062366632623631316136666232303663663561313334
38666639363630623531356536343737386464613837626436666430346464396634336162663738
31396563373931393830663632316637306663646434663430653661666639356130363965336139
35346364346263333464393934663931376265633531653162643464356663306631343333303066
37316566366134343831393366393264653134353134303463623263666436393634663831306262
63393339366539396665383939353236326430363536303337363266346530313564366239326339
66623536643431303937376263353733383063656636633939643733646232376632653138646632
33333266323062353438663338396538656534636661653065656165626366323365346163323931
33616338393162633234643062336633636463616235323763613962376333643531653263656461
30646334373936316666653462623164376335313739366432663633353338393234363338363438
62366336383765623463623562333333653430376565326633343330646464393035623838653130
31393730303065653965356135366538643936663632393961333866383634386633303830663633
34653030623462616466616161333530346132343530613034623763306364666662666463393831
31326262363433626564623634643231383734666462306436363839666163636136336537366337
34366231396133313266633834306534356530396434323131346136346631633033346362376237
66633136633232333735333234623234356664396530336536386562303031306238656537383034
33333164356339613566326133373237623438323833383836346235323630626565656233636665
31346261666130333931343737386261326166356332663831653034316564653161653464303565
31656266383835356431623264353865623663303337333566333964663837376338353530666337
35343763633663376466623834633264303365623933336235626532343562386261646437333035
66336133343439353865366639613163633162633262623564646231616565616437356132323564
31653237336135366532646635646239343336646339333138663761326236376231613461333063
63393633366565623631343263393264353833333531303961653634666161616266636639343439
38363961653635333136336139313132353535356532646639353663323736613930646239366332
64393437383537306432313261353836333034346433363461343834633635383563313666636361
37316361336664353132343433633739363335363861636636326338356439383636323466633566
37393664383662333565336539336331613366316263663763323032356131623264656634356666
32383531346538363637336364613931616630326235323766323433373966663432613335353637
37656461373832636139343339643333366235366631393666626465643430643861656231663630
61343139386562653864663336663236316535333730323835356531393561343934336639636536
65613264303837663838303532316337303834316635343539303664666564323163616230653065
62373565613232613337393630643763646432623362396632316539306438316564323737393231
35613532666439626238646262353331616165306639643739383761626262326462316639333862
37623962616461333139643736313431623732393337326439613931646365646261633532333137
33353964353465323030646465663637383035326439303333366664663161383262323064326461
37323835663337336238366266643037633439333235626338363134643338393539303761316237
37363135623865383731613132613239636261336133326364666164383061633463643132386366
39633361616564663032393434643365663631343930633838353132623062343461663431353337
32343230313261326230626564616431353763623963353733306266333832303565366536363130
66636362326235653033343535376639366563336132303630303966663862666666626131333363
37333962343562616339363266326637333266353232323065616639383834366130393561396538
30656131356433396233313266326466333433663533306366333539333166346430353366336439
62623362383564376535663064363839376564306436356232373665393164393630663738326561
62633432613333636631623438356636643661366264643664373932666339363061666639373865
38313236373862353434306231616437386533343062376432386638376337323033653764636237
63333034633265616234623461366563316663373562623036653536626337343836316636356363
36313264646134363961613933363332363562363231633736626237626130356336626636636138
33373831623834373738626266393662363633663761623463323137646138663534333032653264
62353236306562366362333231323838336465306166313233646161373336383739383261646431
62363233613637353366623362653163363330346237313866636330663537323765613662383330
38313834363064643538643239316337356664613139353231623165303438336232313833613964
33626566386164646630393939623033393834613835303739616265393939376639363831626165
36323939313535323439623936376636363538623364616161366563376262326562313261303934
63313063343531626462376337656330346339346332653437656135663966666133366139646564
31383366636631333065626162393633343366643965346439663732313032376165356333313633
38626461623563623335666164343639303733313661666561646365346466343639366137646535
61343634666665636637376634386364336232623534343966643836633834376234346634313231
33353764353236396537306136643239663833626461396130636237396466336636356361303039
62646133363130653264366439626334353536393533636536376464363964646336623935353539
34383338346335363662343662663136386439306638386133346632343932336165383235646462
64326562653665323666373732386332646533613062393163656435383261656338326630636339
62356535316138333566623631396661666232333263373630316535373564303634373366336262
62333064613035336233623164623333646464636633636466616139633064393737616364623064
62636164343462346536383465346564343130663631373037653836303632666130643936646332
66616239373463356561636362383466373965393636343936363233323064366163313737616263
30653233663437646637373331303366633365313664373037613938386262656137303133386362
34376662376465363336643064336362366338666336333864633963313766393036636133373036
31313362323935376464633932313939343739326434326161356133393236646432393135643861
30623163316134383433383435346466383366666230383238333839356537366137303737303236
31646336366266333033613030376462336233333065333964316139636264343038613733313364
64313239366635663162656531356664353462383439363836333262343665623632383166343737
32326463333134633138333635386566333664333431396564623066316332303165366164343835
65626238613064646635326130616364343664373235363638376262373437653336333532396137
34373837653864383935336665306636356561623531346331366665373866653036653539613134
63363066336230363266303834653538663533646164366431653665376563633763366431383631
37636637386231383530643664633236666164333762616136366636643135363030366563353438
35306531333633323734306533656466666432666563643735323563633737383235653237383162
30353131623635353735316132353139353264326465353666323335323564643439306333653632
64343536333138666466323232653039313933646534383436303862633866626432343237623137
61313666306563323933316232396236646333366134613038363263393037303564386236363465
64316331623361613838663964313931326330656332366438626637323038376238653362626137
36663766613838346139623561373563313932663663353461666335616231323362646333663261
39346461336635663866326262326438643235373335303964356463646133666663353263306333
63353665623536346165333531333066393133633835383463393933383635633032356235356464
31303331396438663037653730613963326463343832373261623739333362653265336239326138
61653562376563393332386430613165643266663133646464613932663365376234626436376466
65336165386534343361653838373931376133303731346539303862353038633839386335643439
34643434653563656537306435626133653833613739356466646338356334363165663564623365
38613230313733343965323532336435376239616161363130626639353534373563323764366336
36376635666565363266376133623166623930393465636433366234626165366133366162326235
62353765653339353236376539386363306438643263333032366232383533656363303831623335
62373138343733346432393065643062336563376134653135306461656164323834656130613936
31346434633737333631306139323339663436303666633430663037653461633434393538353864
32383264373563313962646661386131643734633661653063393834396434616663303632303164
66653533323965393036353064386630656633616162616332353463373132363563633964633464
32623964326566633033663162323331383438353064396539363139643963336336353235386434
35626563376330376463323336366364336238363131356234323265343738366135373736313530
33333763346336393466366661316531303131626563306436303736353037656637313832636562
62313531393637653039316635383336303430363264663030626239306438356131643733373865
63396530316434396335653162316430376161306139333165363464366636356562316463653365
64316431313434623530626438633832383633656265633964643131633865616634333339303639
64623139346138663861386431613362316637613433303265306536363036336437373535666135
66363835633662623964643835383966616139333832386339323035303834333736343533343466
33646534386236363139666330373965353265666536313264326463653737336461623935353537
37656562376265663666386636303862393532303966666234643136633136373739363861333163
33373235306164646236386433393863333735376465326264313034363534366266373064353563
39393533343964343137626432363133653330646537623035393861646533303136363238333439
38626534663635656463373437313737343062373436663533613437356639316535383961643932
31346562363536326438623432616638636665636661663235313636666534353437356433663632
36616562303738366262656135366561653363386265343463396563666462313934663833656464
66316637343432653861346336343064363464303937643837346263333038663936393733356139
62366636346365363136633934323535646638633361396135646432343934353864373864363634
64646238333438663232383231646532343930353632623533316463386639663631643161306636
63626336363632386661313766386265363231363439646235303233366564623932316138623062
31303431366664343961633063643862646335313831663563656265323138626330356535343738
66396532326537636463643735333733336536646336633661333031313437643637393763353537
32633230316366393034383864663239326631346332376239373361613031333266343032363032
64373564393933333837646235326463636238656562616166623135663339383664383730646563
35656135366334633237633234663036366264636335346261336239346530356262383138323863
65353037303734363738616533633235336537326363333431303531323561333935646237356139
33643463623436623933313463326333313761386261376438336462373461363165343064643362
35383437666237656464663639346535336434366438323666626335373662363138623234646466
37656538633762623133303430323534356239343363346138303233633838373232656137666637
34666231383431333730366135623237663932616339376138623666666530306165323061613166
62666233313362313532663430633436303837393838346430326337386162366531373134333030
31633364373930393431343231626534323430373064323039326536383936343838336164626639
64313534616639656666356266626635386533383363613533363961303530353666323130343931
31316338386237363236306264323632363539326331363061366439303130313839646261336633
66653831303064666566383536353730356366333538353232613135316238643738323365303634
31613933346163373439653434653634633262303830306638343436663239646333373530363637
30613938353730346131306637396265363833306437373832373939326334653638646466303863
66383937353932393465336530633137363134333061613835323537363236326664633633373065
66313765376439383830636133366635626233303765616337393238376236346136303865313638
37656461623435646261303039623139326261633165343131666265643832656664376436333230
61653666376362616236313763313363343964383363363134316434666263306630376463653861
66663162336364333633373836636261326139633432616264303165653235313838396165646633
64363335653763666630383564383063323861626365653231313335306536343635643663666664
66313638343562663731666136383061303262643864376530373262373465363263643364336433
65386631633537363461356363626332633032623030386462623766396530306437323734623666
36396161373862653030353032313136393835643930313234316339396166353561373638356361
38386633393065616633663933386335366631383833333365333931616164643134356362643934
39633966663839613931623562333864613130336538313532316637313839363666336662613635
65333232643566313132663637313064353566643265343735396161393833303932323332363364
39656334343961396663613362366666303866303462393963653264646237353532363130346235
37323465303861613339653139306139323134346139623164333830356164343538653332343630
33643862376563396138316161613265613266343930656361626435323237383638356662303564
65333362643537633332303530303963373231636237613461653635323636633962656430653434
36393230653436316336303863316438656433616436396135643639323263326630336239343133
36663833373932373466646438653830306530336338663061356163333132616265333464313639
64353037353034373636346462643061303038653738616464653630323330633136656633346237
35663036636238343166633339303030633638346139333839353265383663653938623634663739
62303165346534356364666561616135313237646665393363336666303937316231613266343063
38356166626162643866323338646233383936356538613964383562656365396265343833623237
38656363633639366166393233356235633666666437333365343139393331626563643564396666
36616537383062373734323264363562376130346230393762623539656265633861613636353566
36636535613939356339343365633364356137383537616162373435663735373830343036323136
39353265366361636236656562333436356262646539626234376439623265646364653436643762
63396561333864343164613634613763623337623331366162376463336136363566333364626336
33366331383761643061623130366337623433663761653765643139663561383361326462666431
33353233636635306430343562613736616537356234313536346264653263303937343666623231
30653438353262346666333932613036623964666365623565663437323663366231326163643839
64366231336330333632346435333637326566663332363865636339623762393938626265363064
33323439626463356632643465323135333534313133303839663337393738386236343138366563
32313965373833316332363230323030363065346235313439393531356266613665653862333331
30653665316639366461666165313866643764343836386164303063613132363863336363313132
37333935316534386633303837663165336335666236633362393165303439643363623365353938
31393965316363323833643961336430613163656539393833636337343638363964633335393261
66376238353533363736633337373436633234663833353763613439636430323930373733313334
38613836613861663563613162633731663966313065333366326261393538663663626462626538
64306238613663333565373638303964646364323163343861343630393963643661616535653935
34336234663963383738663761316339323863306364383534336165333238313462373237626136
34633134666439336633303438333735373036663037316130656164396563313766343461663766
66363764353566633637623932386530623839633164316362326233313739363065643539613262
62396237623937333063623338363337613130356462353661313832616363633335663862643865
37376335633032666632663635653035306663616339356536376333303763323266636165373638
65303735316132383864356666616536643361386337663838313365396563303331653236323730
39396663333437306666393431376633613163366133613930656261656533376233396631666631
30383564353162666631396666373936386362306165323732633438323737383361323338666165
62383031373038313635353162396462346530646339626663643337633265383961343239346138
33386431323736396265636239663637393736313764373137666633653862616435623465323462
61646239653266653430393139346561623564393061383330363333623962623733376537323638
36333564623635326533343239653239663465303039666566346662663565313064326133353638
36363433316232316663333339316336386436336164633937396335616136353431343163633335
35366632326131343431653332363438356231313261323831663664363333636564656430373931
31366566633834666566386564663330363166663464633437303565336666396564393938353562
61306631646661333433323434646331333537646661343131303830633738303664323239383230
33623061643261336561373734646535646366316135366463653663366639633534373132646332
35643138376566386366306562383335383237653138336166393136323462363164626630343337
34393866326536343030383737323166626630376634306437376236623766393733396163316132
63316664343833303562373866666439363833386637636264633835366430346536373662656566
31316631356338613334656166396534386638336166656332316136373234333534376538393031
30366239353562346565383131343933373536386237643637633464386434303764646634333338
30343230626630646131646433613031653964643433633631643034646132613265616337303532
36643032666661383232353136653364623235393535343438613763313835633762613137366365
38336362396437636163663838333965616232356465326666303665326261633233313734343534
35353438616331366231383339366438363066633437313739346339386263323363613536313739
38616538306339316330653631623931623064626661366565666137326362333934663231613964
35666433333936346635363934333630653565363764386534376533323231613333366462386337
35323033646266326163666232616465396231336332623638323062356330303131343436326664
32353939636535383338633539376431663335323939383466376263393034303737613338353438
37626266376563363836346533653062383161373162626234353638376633333462363431386537
38663338326133633937323166333530393363316339643239653832346536303839316164303537
30303364373135626235356666363566666538613934386130623466653835313535393137303737
64353062343366323030353166393266633037323030373733323564616564613061323766373335
62653636353133346564323364363036306264396633353561396130663763626263626536353132
30326333336431396564386365316433356338643966653238356530386634323164666665336631
37323136623238366536613236386437663361303938366162663261373431393736306634303139
32303364356462626631323762313065303266653863333564626431663839333965373837303136
36663235383831333530386237366137656436306432643361323866633239316633323263346462
37383239313066343831363463383633353537396165303061643463633735306165616132316231
66613961326436663237653130633236366666316563613933333566663834353063306632363536
31326432663439663436326234656135396332326265656461313735633531306562386239653339
34313739343832326333383031363830623536373437656130613630393438333731656338613037
32626237306638396131656539356138333961303036396632346565373966633932393363623235
38336238366231316134636261646662666634656336336536363330393162366430363362666136
64316137643764653832316331303565636135353535383538353837613339616565613737643732
36396138336432306263653061303736616433633039643735353739356237346436333037333966
33366563373439653438343863616162363135353664373136373532326461666537623231653862
62343062666538666130383730323634333737353162316335393236653934366639346130366466
65316632373630396463646461633534656131316163333037666330643335326434326538623565
32343534353637613564633963333934613433643733353434643035343636663835636361393062
66643932643334363737663863353630643130393465613063363663653334383433356462343036
64666637353338393561616130303763393333346265376536303462383336386137306463343430
64626465333165313363363865333135663531346532376332623764336531333764373132316138
37646234623866373161633939636665343136306238316434393962623865373961313861336237
65346639633933366135636238646135343832383464333930366537626564613264616361336533
38626638313733303332323662323035666463313236623938323836393637383232313036363465
32616164353663656637373931623266373961353362666337623034376162633538303364376665
65316537653365633434623762393063316462623764376266383862313363326438366235333131
62633162383534306332323332373964303561346437383431393630646531663634626438616438
31303664663330333038623964323031333966346331333836373764306361613036313533643035
39306538623736376636633863623538326662396663656566326163633332616664396333613830
36393634623733353936336335313133353561643038346434353636656562336664386166303763
39386537386664613337313066646331313539663436663866616339363838356430376661666431
31623633323334333164616530643163336139656135656262333332373431356661316635643863
30653963663961333132633863653965616465313362643137653336336433623234633734353034
65343536353535646335623234623336616538663835333462653332653836343463313939353763
64383031623234333164303132633238613263646361646364666363613038353966336532356562
65613936666636323038383064663662323664663031303037623365303936633465643733643436
36316337313062623761653435346664393565353336313065323463303631303266363962323761
33623761333565616237316232633437396461646134643931376562333838653935303137383937
35616662366333633035303664656232303766363830316266343662373462306564303266303530
31336234633164383566366332626430353934313966303931666564623465316538326164313239
33663761643838316336663735633937346461363734356437646230396238633163386633643232
63623630646165643739316338643230643737363961646330343337636235623231353331623062
35656134623036323630623131633663383464323265343366393738333333326535623937646337
62376565376265633365316462313963393466663263626132656139663562346465623833393263
63363331623961633034336264383936353562666263363666616536346564323037663861326537
37666664316239343032386638336666653738386630663733303230393565303636643663623131
32366530333135303031303635653866636164656332343933633964613933643731353637396536
34326262636565653037346331323835646138326231656435306665326233353538613262333938
63613438323639323264366330346361383063376537663037636435636435636137656463373861
31393235383161326634343464383634616364663065636462363064646564333432636435636166
33613032366330343865643038623933366662623463386538326139363064326138313261396131
62666664653833646439383232346137663966646132653662353065393432323461663831363166
3531
