$ANSIBLE_VAULT;1.1;AES256
31333639656166373137323666396230623165636361643237343535653630326537633635356563
6562643338346165343031373338333061306637333736340a333736646564616231623131643465
34633431333764613062393462363438366338666231653532666666373731356133383639633966
6133396231303461320a383530316565646333343565323131616661333234363636363761333130
66666131373936653932646235316563323664393936613436353739363030623337333162653765
34383637356637383166363831363135623231653638306261383362656534653630333466356630
61343062333832643263356164363634653634393963626338396235373230396363633435653063
30353238666437353936376532623131313161373761616535626337643861393333623030346566
30383662336634393838613937303730396336623436303462343933646262366565353334663236
38326531643730303737306335313064373631383238643732346362626366363339336230373863
32643830353138666536653465316632396561366365663065376335383765373030643837323634
37653766643433356464323730326136363063643961626439333364643833613163653033633866
36353239303030303336373366373230386361653734613966393833613265333132356264373631
35356666613561393034343164646435633630396534396236373332373363343164653734373366
63306232613333633633396263373631643734373634373131383232666137613666643030316436
62353564653766616663653563623335393065626634333431626138663737353930613431383764
31383265626133386431363163326665636235386639646335363133313162613337313237646561
37626566393336643033396136356166303130363333343334363731366337366336343663653633
35663630353833333433626136643965653732353631616361623261363631356665653130613265
35626431346564623762653233306236363431393630383234653462353862326335613033316265
36613739656162656162353564636163666665656634303535646530626537333932336433643430
34376266643931643337343238336363316330346635663861383438663833373263373331396538
38636536616336666136383335343234633263353037643838336437656131313661666236323566
38616239663466326431346432623132626234386366383331656238663062326333373163313339
39313963623232343434363733343766393239623762303832616236633263323739656433626134
36636639313334633063336666653533336132333661333035623835613338363136633134616462
36303337366536383462343265333866336664343834626162313834376562333030366637323463
62303436613366626430323635373062346131663637363639633432313134616463663834303162
37666566653537316665373062663561373436626565373434626365393232386531633834663933
63623862316365323532646130663762636161396664393838356237626233383365326264343934
36636536646431613138643731366237316566313464633333376361303935663166313131643435
38646538376234646230616166613739393639326261646665356639383235323730636563323561
36633161353938316364646237313966376333323331633765653535613164383236343233616339
31363635623830306430356264383761313662366263626635313965656137356462346262333138
65343063326463653037373361383832346134313538333634373864356435376464333166616438
31383532326666366164313933626662313965646265393263313038666434386536383530396165
37306266393137303636373835316164663563646566663462373039363239636430363239643035
35336431343031626363663962373066393636653537313934306237353164353465323736303135
62653261346661376336636463393664613230313134346334303361346639393164396461396236
66393262323537643635613864306662333961333439636661303865623661396361333566656162
32613436616531613133333066623163633432623564363739333737636466363137666262653037
63363366636461306133323838343934303966363938306564666437383461663433306336363163
30363966626330353961613738323365333261343164373734616566323030316138396331353836
66303330313963393230663734623035323739376662363066636433346634313164653465623564
30653866336566323134613362346562646231313234303030306432356366613565303339376534
30303435653837323464663531333138366365653861623962373738373364303330323433653739
66356135383765343730646637643261643362363961626538313131346637333236623931656266
31343236303632353738303962366461353038663465666532356530656132343862366636386662
38633333386338323438396535393137343365323962643637343234656165343839633061303937
36313365343135623664623336643932623934366664363131643739333031366230346533373132
64663933333264383336333063313366646134323261326664633030396561376364336362656437
35663330323939393762393532313539323234393738633830336337613461616235366262363536
30646362393065653761303433346261613761643437313331656334663238313465323561356134
62623030366430653937663563623932353634313264313462373462393264326361336135343734
61633363323436366339323738626537343664653661346163346234633434663435643533326333
61323535363339353436383235366163646564656561383536396634333732303034363362633339
39383234636338623636316662623633373861326333633161396461363136386437313236353566
30383464613461313436663063333238303764626363356637373938386363336639373438356466
37346134393566373835343932626338666461656365393766393431376530626630343038626131
35646337323136373162336531363035313061626363636533303366656232663461343265383162
66626137366130303965633132383962303030656334366131666365396232613564396239623561
63646539666632653563353434613065343362343136623061646463393239313332653235636462
30336234313235313039393130333334396662333164643964386164643661626432366162363437
38323462333566626632383933323961623162316333313339366630613734373038656638333866
33653165316630313334653639343963383961393064373738393739333730313633333630333739
64643662666438333536666232313663393563653833356536316563366139383430393135356533
34386638643962346538643563643963326139643139323633646431666139613666383735616438
36326464623662303938386361643565383563666138333065396234393635333737326639363033
33316233313465363163633130626334313431386331356538643031333263396333643337326337
61393434366433343131313137613865303931633366616130363265646365306435346135653338
63653031366361333864633964393638633264326635363131363166333532633763346532663636
33336133633233613266656337326162646261363930313238366530666463613735353461383062
37643133383335383630633061333030393135353362393036303637653138396633633238343135
61313764633766363335323333343730353139373630396236333735363265633536633162623834
30353065613033343536303064396430316436396265663166346130316166396363653634313636
61656136343836376338656361333366353936316561333933643438616337346631363836643838
66393532313336313364393666643036373264316537663066306235303938303637336162323038
30646661326336613034336565363430333637393432616230633262616232376462303364326563
65303336623738353531343238363137313861656235643532326665326562343731653437393835
31333738303261313338393438643930646566376631353330323261666262646432653232363331
62326437633438333233636136353266643561363365616137646535303630653065313061613964
38383533626163363362323662663130353534633230393363633435626461323861633563303133
37636363633162626335323262393631323665623531336136346563393131353136653338656639
66393865306339663139376336613838376663633934666339666464333433333832306162303939
65646533346331643937656539663231346532336435363737633739613233356262363764643431
65303662316164613962396463356334616631343938376362373735633237633235306463336531
35633334356435393061663238666262636332323430643264373263333461666664633133393030
32396139653430656262643736346537396266373461636530336334356162343466383639333031
31356432613636386664343264373539373831313066303335346636636134353638366566306135
64623731663065396538616466343032313931663132323432346538383336383230333133373563
37386239346561396664363535306538646133356538633438616665316438336565653537663665
36633634383639343939366538313739636530663130663338373861353636393731306233646635
62626232386165656438316337636430623237393236643737343161633061333465343537303563
35346233356434646139386530613264343966303763346163373633366562663830393164346534
64623536323030363266633735373433633233363661363362643264323730613636303539323666
38623731373162623664616337356134363866323961326534373638613162336132653763353766
39646465366265643963623530343631336232373035646264396330383630313039363865643262
65363234343838613634633631646438373632353637316566336465346630306463306131633736
32643561393666636139366366393133616561353934613066623962626563356163613536396463
66336330633336643563636561663537323363643463306138356663383063353132376465313232
30616336343331326664343832636137393965323938626631363163333061636162336536313361
62663839636132323534373763616461356662323465613635333933346537383562366563373833
37326536613836313831353035313034396631616631393833323034366362663731393164323133
32353634363036626135366633326663303062383939643138633138313764346330623531306665
64383864653631613637353930343439343233336235386635653331393436326665373935636666
64346437343563303238383364306134326332303134613830373731643830303961306437613931
61643138393336303732653063313631393066343235363066623765393162626635653435343038
32383463653461653563623135306563323337383031336265396466386464343433616237343665
62323538386266643364653539326133333535383537366364316435303262343133616365333934
62663533663534633462623335653331666536336165376662313539353433643034386430303638
38363064373064666131633132336235613638386637353061613333656436353266623165313462
65353638363236636630343937656162303038306138623762383638386132653863626436616538
38326436623235663462646137343566303630646436323039373234323162663237383361346233
39383565636164373135316435336430643234623836396338333963636133303762333435333839
37636630616637336437313131336365396466623435613062386264663364383863613264373166
63383836633434396136353733303462393838373639343430323761383439373230666633643533
35623063326531306366346466333539313563366564316132616230343837363737396332383233
30393665643339323230333461383563383934623163353561316130633935353434643637646134
62626134623231663232623662343163666331323863396565333137653662396233643535316263
61623364656536366161633432626636303739636635366132343534643565343965366466373439
31656261623038613361353234353934346534306234323833323264363666623934346262313932
63386365366163386465356162376161326335633361613639363638303566323237646432663562
39323532636232363734656566363036306466333562643265663432333837363564346562666235
36386434373733626532636530323036363637343733373539393439346233396334613535643738
38303461373738376433363637636138633962353939366233363664663561656139376233326462
65633865316537643637363334623433363233313330343636626134303138663235396634303465
64306636656466656231383161346230323230363537336464616334393166613336333233313131
35343832343334666163356266613834386562643335393236326461373931336331313638356235
36363637663832626364643033316166303463663537666462333631333439343435643765373336
35383337653662316665333331346564313138393266393536623966323232656363386161303233
64316163663430613965363732643661393131323635373237313335303564396138376436646466
38363534626333306364646231343732383036396435366265346338333963376666646563666263
32636233613735653432336634353961653962333663353632656137333935623861363938356435
33613736653339336433333437623965386139623161623131396266336333616164646430383639
62376531326531313565336536303638346364323638393164316132343736613364393836393862
66636137613332326631653238326562616132343334336565323066313363333435613666643633
38353833383639386362306163646339333962623233626134373363303534623366333536643837
35313965316132373636376166353261366235303635366662303639303861643938646333326662
66653961303562663738666639643330303433336162393436616566383235333065383066663966
36316434323832376563643366313639376535623665346433353866346561313661666337386236
38623362346235653163643663336231356339613338313438666434373230333862633763393563
35653561623430323234363139626339666235383933356434633631333464336431663164323933
33653835376231313065646635393534623835623032316430383564333934363232323739653531
38363731366661653366373761393939373365633138326435376262313131663462656434656434
62636265346239613330363339363839616462363366343963326139313234333864643739323136
35373736316364373931376538666632316463633265666164643465396462343231633633393763
36663665646135643865663830373230313938376230343066303539383530636333333936323062
62326130333238623762366131373466383332333736326166646261363661383736333761613565
34666136653639333435366630306132313562356661393961653333666639626362323039393037
65396339383238393530396336326361393738313865636665366235336636656461656239376230
38646161303762343561343661613135613330343232623139363937366431386531393634333632
64666339376266356133393935356662386263356332663761336333656437343435383230303363
62666238633331346565623539646365393961356633643962306534373832333161313536393536
64626337393936373735633964366636373636663039343630383365356231643838613264626330
36333035383461613133633764633565313664643334333462356363376561373535623638376365
64666264383938636437353835616234363135616430376236353531346137326635303933633639
30633332343866636535656635383835313561306462306538356661343439616462633063363239
66366436366534613637636538313935376166363638363034656630363664343630343062653463
39333038663062323037386466326336323466346336653437663565643962313136366633393737
66376633366630373361303065333036356262626238366566373261653435653562653865346438
64383938313261343766323761633761313131313264386432353665353238323535633365373263
65313762383937643031383461653232366330623763343430356161353037663532353961343332
35626565636438643033373662363333616431633234633736333562356463303833633863633736
35303531393532313962646563656536376131356462326638316535646430363861383336333366
66643961333462616331646639393237363232386237646463333533363233656662616565373335
32343262363862313137313763366564303031363361346331363065383830633436333438303535
37323461306366336164323864643339313734343966353637356134316666663364643735623765
30353863656436653138323136326361323664333631356266653065353261386566666333353464
63323134623133626531653839396535303161386263613135663261343733336130393931303161
62633532366463343733383735343130626261623461633737356163366338616330623865383464
62333134383664343366633064653339353632333033383333333766356366376131303739633531
64386136336232363064313335356261393833346431396566633161373763313937346430616561
65643137373237626230646631633664333934346139643330636261353330316166393765666462
61383231656163386336313163663634623438356436623664623366663737323538663030396562
64303161313339393630306266376339343533376665306231626437353837326236373835663735
30643334313764303464646263373933656166323338386662663533383832653138653932636537
65373030386634636632376364343761306136613361306235623761376334653530303934363935
35373233323336326631316138636437393438383237343633633563353731646438623064633736
37303537623139346361333265633134336334363830656432353361623361623030353065343030
66343162613534653438326235323637313032356432633235346466303638656538316538316361
65313630373036356636663464313166366533333238666133333964636636366264626332626161
63363464666165303638386339356537306262383161393938353833376332613163373934393330
38333937346430616130393736633732386230316331646166366262333739306632656636313935
37333935326363393031333636373337653063366362636161633864376531323533626131396262
34666664383165393330366130313830613963316237613566616539633639353466393734636638
34303737613338313361653631353333336233373635613863383165626161393337396234636632
65326362663863326235646532356434306133326230633336383762663764386366656662313264
65326230393363653662653931306530383533323563663836666239376238346137386334633362
63303730373330343166386130623865343761386431643035316632306431353265346663666131
33623164633838616364623433393532303931336539303932643736656537346538623730363231
65653764646462333334363730373833326161316432336334306661356131373037343766353865
34393036613765356634343332613638313537346130643863653337353230623661386362363961
61373163313830663135646264653331326536393037326564363062393662633931323062333430
37326533616663333138333439373964626161333732396464653163363861383461313361303362
66313335653839363333623439353361363437626166366163613137366331326130323232366439
30376663643533666438303765336132353439656232666230373365343162373436343136336165
30396564393936313333346636373865346230656630663362393366616233343338376436656564
65646436363364396261643965356238666135303334303435363838326666663463663436303564
62323832656539373630393632366536653033346464303230343862316236633865633334613163
65663231383333623433366563643965396666643031663562656537333639666231656431373366
65633533303962373136636230333637346139353534333630326163396364326562636137313731
35343962376132376232616135623339346136316265623364666564613661363532356466633239
32626531666330653261623434636161323533623239316430626233336332373638383364386366
33656265393330643737373730633462623432663534356435376639333230303534303362333861
64663433313436333031653132356233666430326531633630393239393963316535363930343332
62323037386135366664613965393764393735666535386362633538393066343637643765643636
32343163343935333163646466633133323330666533666238383832343135363237616232336635
63386135643166333934666435636130336131653036666265636338346465353435343330343162
36616531636637343539656331326462666365653235353733646234663934663531663065666366
38396130376563366363363134626234613338373466663962623735386366646535656263316230
63313630333262396633623363353138356366636539393039653330626663303462343135633932
34366139636537633036316462623165353436616337646539633561326534643538376162356133
39326666323361336665363538643065323663346334613064303936316231303839383963636463
65623134623365316364613961636434323633396266396663646666343532346330626535626633
37646265393264376261373638623236303563663464336435353838356138336365333137663631
30353362333435346235386332303261323530646663353565343836373061363630353139313633
34386535316632393737396138653836396534656466633762633366326633613936336134666466
37323761623363336632633733383036636166623864336433353735313965323836653938626562
31336232633137333334333738306263623539383334653766333536353830656463633639376631
36326634633233316133373935626435366263353839353365313532323932626337633033633064
65643037666135323738393636653561313538663239623065353837313065343334303265633030
34353537653935313530396439323339613830303463616662386661373538633536663237663764
39313230343537323261383266353136643463383933316539646433333263613834303439626337
61396635353939613034353236396436633763636331613138366639393563326230393536336234
35653164663762613864623130326335353636366666326530303438356664613633323830343666
61373239376530663461653739656631323365376663666433663164616136363437646139383236
35643739363466313736303238383230333663633433346663663336313863636633663432656137
64656132313866613731376138356139313164363866663933363161353661666630643364316338
61366438656432616264393661613137616636623839346436336636636232326139663639376139
35306539336530346339396666366239376534366263633437663435383732333236613265616636
36363634373866666162663130383463396663646662353638323532373133363730386565653063
34663532363035313838383131633132343431383266653638303464633062336365613261306436
32666536666365373038386335633335643731663930383538636564363135643666373964653262
37376266643236313831643431643534613362373832666533653635633037363566386635323831
37646132666631616435313539633762386535623064303065623763666365626364663331653966
39336361313438343165623931383538396531613266366430353236313233643030366638613966
63623364366436623964663565656233656634373538663063616236633734643232333864363939
62316230336532653063333135383933626239366633646231393035326537303663663461316638
35323862653866616334653930653165316236333335663538336335376133623333326335616137
39666636346265653861383938393963633666623766343335663232393565393839616339396161
34643433313236656131623365303262636166636163323665636461636666613136326264616564
65313636373738303364306363653536303134363435366330356138326566393663363064363661
37333962383733316339333632383366633833363161386537373934626662343565346439346464
65653531393062316434383934643435303539346238393661663932636165313038656134633163
63623230363334643436666466386439363434343862356531343465643662313862663130636161
61353036333632386135353335626663373234666563623462613761636333633330333163336133
38643364386231633435666461336134336262616436363536623265353261353035336533363333
66386661663730623233
